[(array([1.        , 0.        , 0.        , 0.        , 0.        ,
       0.        , 0.        , 0.        , 0.        , 0.        ,
       0.36175746, 0.        ]), (array([1.        , 0.        , 0.        , 0.        , 0.        ,
       0.        , 0.        , 0.        , 0.        , 0.        ,
       0.36175116, 0.        ]), (array([1.        , 0.        , 0.        , 0.        , 0.        ,
       0.        , 0.        , 0.        , 0.        , 0.        ,
       0.36174597, 0.07495898]), (array([1.       , 0.       , 0.       , 0.       , 0.       , 0.       ,
       0.       , 0.       , 0.       , 0.       , 0.3615526, 0.       ]), (array([1.       , 0.       , 0.       , 0.       , 0.       , 0.       ,
       0.       , 0.       , 0.       , 0.       , 0.3615392, 0.       ]), (array([1.        , 0.        , 0.        , 0.        , 0.        ,
       0.        , 0.        , 0.        , 0.        , 0.        ,
       0.35942425, 0.1280507 ]), (array([1.        , 0.        , 0.        , 0.        , 0.        ,
       0.        , 0.        , 0.        , 0.        , 0.        ,
       0.35933432, 0.1280507 ]), (array([0.        , 1.        , 0.        , 0.        , 0.        ,
       0.        , 0.        , 0.        , 0.        , 0.        ,
       0.35920347, 0.0963006 ]), (array([0.        , 1.        , 0.        , 0.        , 0.        ,
       0.        , 0.        , 0.        , 0.        , 0.        ,
       0.35919655, 0.13777501]), (array([1.        , 0.        , 0.        , 0.        , 0.        ,
       0.        , 0.        , 0.        , 0.        , 0.        ,
       0.35918886, 0.1849523 ]), (array([1.        , 0.        , 0.        , 0.        , 0.        ,
       0.        , 0.        , 0.        , 0.        , 0.        ,
       0.35888131, 0.18889889]), (array([0.        , 0.        , 0.        , 0.        , 0.        ,
       1.        , 0.        , 0.        , 0.        , 0.65653089,
       0.34982358, 0.05482619]), 'company_name'), (array([0.        , 0.        , 0.        , 0.        , 0.        ,
       0.        , 1.        , 0.        , 0.        , 0.79110312,
       0.23487369, 0.25158748]), 'movie_companies')), (array([0.        , 0.        , 0.        , 0.        , 0.        ,
       0.        , 1.        , 0.        , 0.        , 0.85841791,
       0.02552484, 0.        ]), 'title')), (array([0.        , 0.        , 0.        , 0.        , 0.        ,
       1.        , 0.        , 0.        , 0.        , 0.05571849,
       0.02473524, 0.04147441]), 'kind_type')), (array([0.        , 0.        , 0.        , 0.        , 0.        ,
       1.        , 0.        , 0.        , 0.        , 0.05571849,
       0.02381608, 0.02426098]), 'company_type')), (array([0.        , 0.        , 0.        , 0.        , 0.        ,
       0.        , 1.        , 0.        , 0.        , 0.81228166,
       0.03972606, 0.19015862]), 'movie_keyword')), (array([0.        , 0.        , 0.        , 0.        , 0.        ,
       0.        , 0.        , 1.        , 0.        , 0.57321582,
       0.02204351, 0.        ]), 'keyword')), (array([0.        , 0.        , 0.        , 0.        , 0.        ,
       0.        , 1.        , 0.        , 0.        , 0.96425675,
       0.12563391, 0.        ]), 'movie_info')), (array([0.        , 0.        , 0.        , 0.        , 0.        ,
       1.        , 0.        , 0.        , 0.        , 0.05571849,
       0.04481134, 0.        ]), 'info_type')), (array([0.        , 0.        , 0.        , 0.        , 0.        ,
       0.        , 1.        , 0.        , 0.        , 1.        ,
       0.14135483, 0.17924942]), 'cast_info')), (array([0.00000000e+00, 0.00000000e+00, 0.00000000e+00, 0.00000000e+00,
       0.00000000e+00, 0.00000000e+00, 1.00000000e+00, 0.00000000e+00,
       0.00000000e+00, 5.57184920e-02, 1.78558895e-04, 0.00000000e+00]), 'role_type')), (array([0.        , 0.        , 0.        , 0.        , 0.        ,
       0.        , 1.        , 0.        , 0.        , 0.87832121,
       0.02565818, 0.        ]), 'name')), (array([1.        , 0.        , 0.        , 0.        , 0.        ,
       0.        , 0.        , 0.        , 0.        , 0.        ,
       0.94288897, 0.        ]), (array([0.        , 0.        , 0.        , 0.        , 0.        ,
       1.        , 0.        , 0.        , 0.        , 0.05571849,
       0.04481134, 0.        ]), 'info_type'), (array([0.        , 1.        , 0.        , 0.        , 0.        ,
       0.        , 0.        , 0.        , 0.        , 0.        ,
       0.56263521, 0.        ]), (array([0.        , 0.        , 0.        , 0.        , 0.        ,
       1.        , 0.        , 0.        , 0.        , 0.96425675,
       0.51290061, 0.57682877]), 'movie_info'), (array([0.        , 1.        , 0.        , 0.        , 0.        ,
       0.        , 0.        , 0.        , 0.        , 0.        ,
       0.54799016, 0.        ]), (array([0.        , 1.        , 0.        , 0.        , 0.        ,
       0.        , 0.        , 0.        , 0.        , 0.        ,
       0.5479901 , 0.02426098]), (array([0.        , 0.        , 0.        , 0.        , 0.        ,
       1.        , 0.        , 0.        , 0.        , 0.57321582,
       0.30815169, 0.63323938]), 'keyword'), (array([0.        , 1.        , 0.        , 0.        , 0.        ,
       0.        , 0.        , 0.        , 0.        , 0.        ,
       0.54785009, 0.02426098]), (array([0.        , 0.        , 0.        , 0.        , 0.        ,
       1.        , 0.        , 0.        , 0.        , 0.81228166,
       0.4340835 , 0.82310579]), 'movie_keyword'), (array([0.        , 1.        , 0.        , 0.        , 0.        ,
       0.        , 0.        , 0.        , 0.        , 0.        ,
       0.54470405, 0.        ]), (array([0.        , 0.        , 0.        , 0.        , 0.        ,
       1.        , 0.        , 0.        , 0.        , 0.85841791,
       0.44697659, 0.78426453]), 'title'), (array([0.        , 1.        , 0.        , 0.        , 0.        ,
       0.        , 0.        , 0.        , 0.        , 0.        ,
       0.54040433, 0.        ]), (array([0.        , 1.        , 0.        , 0.        , 0.        ,
       0.        , 0.        , 0.        , 0.        , 0.        ,
       0.54040426, 0.02426098]), (array([0.        , 1.        , 0.        , 0.        , 0.        ,
       0.        , 0.        , 0.        , 0.        , 0.        ,
       0.53998993, 0.60132735]), (array([0.        , 0.        , 0.        , 0.        , 0.        ,
       1.        , 0.        , 0.        , 0.        , 0.79110312,
       0.41849451, 0.79017478]), 'movie_companies'), (array([0.        , 1.        , 0.        , 0.        , 0.        ,
       0.        , 0.        , 0.        , 0.        , 0.        ,
       0.53742768, 0.53969456]), (array([0.        , 1.        , 0.        , 0.        , 0.        ,
       0.        , 0.        , 0.        , 0.        , 0.        ,
       0.53740031, 0.64690255]), (array([0.        , 0.        , 0.        , 0.        , 0.        ,
       1.        , 0.        , 0.        , 0.        , 1.        ,
       0.52605731, 0.94761639]), 'cast_info'), (array([0.        , 0.        , 0.        , 0.        , 0.        ,
       1.        , 0.        , 0.        , 0.        , 0.87832121,
       0.46337742, 0.51748669]), 'name')), (array([0.        , 0.        , 0.        , 0.        , 0.        ,
       1.        , 0.        , 0.        , 0.        , 0.05571849,
       0.02577831, 0.02426098]), 'role_type'))), (array([0.        , 0.        , 0.        , 0.        , 0.        ,
       1.        , 0.        , 0.        , 0.        , 0.65653089,
       0.34982358, 0.05482619]), 'company_name')), (array([0.        , 0.        , 0.        , 0.        , 0.        ,
       1.        , 0.        , 0.        , 0.        , 0.05571849,
       0.02381608, 0.02426098]), 'company_type'))))), (array([0.        , 0.        , 0.        , 0.        , 0.        ,
       1.        , 0.        , 0.        , 0.        , 0.05571849,
       0.02473524, 0.04147441]), 'kind_type')))), (array([1.        , 0.        , 0.        , 0.        , 0.        ,
       0.        , 0.        , 0.        , 0.        , 0.        ,
       0.36715884, 0.        ]), (array([0.        , 1.        , 0.        , 0.        , 0.        ,
       0.        , 0.        , 0.        , 0.        , 0.        ,
       0.36713565, 0.        ]), (array([1.        , 0.        , 0.        , 0.        , 0.        ,
       0.        , 0.        , 0.        , 0.        , 0.        ,
       0.3671299 , 0.07495898]), (array([1.        , 0.        , 0.        , 0.        , 0.        ,
       0.        , 0.        , 0.        , 0.        , 0.        ,
       0.36694344, 0.        ]), (array([1.        , 0.        , 0.        , 0.        , 0.        ,
       0.        , 0.        , 0.        , 0.        , 0.        ,
       0.36693168, 0.        ]), (array([1.        , 0.        , 0.        , 0.        , 0.        ,
       0.        , 0.        , 0.        , 0.        , 0.        ,
       0.36484737, 0.1280507 ]), (array([1.        , 0.        , 0.        , 0.        , 0.        ,
       0.        , 0.        , 0.        , 0.        , 0.        ,
       0.36446156, 0.1280507 ]), (array([0.        , 1.        , 0.        , 0.        , 0.        ,
       0.        , 0.        , 0.        , 0.        , 0.        ,
       0.36342778, 0.0963006 ]), (array([0.        , 1.        , 0.        , 0.        , 0.        ,
       0.        , 0.        , 0.        , 0.        , 0.        ,
       0.36342154, 0.13777501]), (array([1.       , 0.       , 0.       , 0.       , 0.       , 0.       ,
       0.       , 0.       , 0.       , 0.       , 0.3634146, 0.1849523]), (array([1.        , 0.        , 0.        , 0.        , 0.        ,
       0.        , 0.        , 0.        , 0.        , 0.        ,
       0.36223636, 0.18889889]), (array([0.        , 0.        , 0.        , 0.        , 0.        ,
       1.        , 0.        , 0.        , 0.        , 0.65653089,
       0.34982358, 0.05482619]), 'company_name'), (array([0.        , 0.        , 0.        , 0.        , 0.        ,
       0.        , 0.        , 0.        , 1.        , 0.79110312,
       0.07089612, 0.25158748]), 'movie_companies')), (array([0.        , 0.        , 0.        , 0.        , 0.        ,
       0.        , 0.        , 0.        , 1.        , 0.85841791,
       0.01747012, 0.        ]), 'title')), (array([0.        , 0.        , 0.        , 0.        , 0.        ,
       1.        , 0.        , 0.        , 0.        , 0.05571849,
       0.02473524, 0.04147441]), 'kind_type')), (array([0.        , 0.        , 0.        , 0.        , 0.        ,
       1.        , 0.        , 0.        , 0.        , 0.05571849,
       0.02381608, 0.02426098]), 'company_type')), (array([0.        , 0.        , 0.        , 0.        , 0.        ,
       0.        , 0.        , 0.        , 1.        , 0.81228166,
       0.0257444 , 0.19015862]), 'movie_keyword')), (array([0.        , 0.        , 0.        , 0.        , 0.        ,
       0.        , 0.        , 0.        , 1.        , 0.57321582,
       0.0157754 , 0.        ]), 'keyword')), (array([0.        , 0.        , 0.        , 0.        , 0.        ,
       0.        , 0.        , 0.        , 1.        , 0.96425675,
       0.02829627, 0.18216878]), 'movie_info')), (array([0.        , 0.        , 0.        , 0.        , 0.        ,
       1.        , 0.        , 0.        , 0.        , 0.05571849,
       0.04481134, 0.        ]), 'info_type')), (array([0.        , 0.        , 0.        , 0.        , 0.        ,
       0.        , 0.        , 0.        , 1.        , 1.        ,
       0.03627029, 0.17924942]), 'cast_info')), (array([0.        , 0.        , 0.        , 0.        , 0.        ,
       1.        , 0.        , 0.        , 0.        , 0.05571849,
       0.02577831, 0.02426098]), 'role_type')), (array([0.        , 0.        , 0.        , 0.        , 0.        ,
       0.        , 0.        , 0.        , 1.        , 0.87832121,
       0.01798217, 0.        ]), 'name')), (array([0.        , 1.        , 0.        , 0.        , 0.        ,
       0.        , 0.        , 0.        , 0.        , 0.        ,
       0.94288897, 0.02426098]), (array([0.        , 1.        , 0.        , 0.        , 0.        ,
       0.        , 0.        , 0.        , 0.        , 0.        ,
       0.94288897, 0.02426098]), (array([0.        , 0.        , 0.        , 0.        , 0.        ,
       1.        , 0.        , 0.        , 0.        , 0.85841791,
       0.44697659, 0.78426453]), 'title'), (array([0.        , 1.        , 0.        , 0.        , 0.        ,
       0.        , 0.        , 0.        , 0.        , 0.        ,
       0.94288871, 0.04147441]), (array([0.        , 0.        , 0.        , 0.        , 0.        ,
       1.        , 0.        , 0.        , 0.        , 0.57321582,
       0.30815169, 0.63323938]), 'keyword'), (array([0.        , 1.        , 0.        , 0.        , 0.        ,
       0.        , 0.        , 0.        , 0.        , 0.        ,
       0.9428887 , 0.02426098]), (array([0.        , 0.        , 0.        , 0.        , 0.        ,
       1.        , 0.        , 0.        , 0.        , 0.81228166,
       0.4340835 , 0.82310579]), 'movie_keyword'), (array([1.        , 0.        , 0.        , 0.        , 0.        ,
       0.        , 0.        , 0.        , 0.        , 0.        ,
       0.94288849, 0.        ]), (array([0.        , 1.        , 0.        , 0.        , 0.        ,
       0.        , 0.        , 0.        , 0.        , 0.        ,
       0.55747767, 0.        ]), (array([0.        , 0.        , 0.        , 0.        , 0.        ,
       1.        , 0.        , 0.        , 0.        , 0.96425675,
       0.51290061, 0.57682877]), 'movie_info'), (array([0.        , 1.        , 0.        , 0.        , 0.        ,
       0.        , 0.        , 0.        , 0.        , 0.        ,
       0.54041799, 0.        ]), (array([0.        , 1.        , 0.        , 0.        , 0.        ,
       0.        , 0.        , 0.        , 0.        , 0.        ,
       0.54000822, 0.55985424]), (array([0.        , 1.        , 0.        , 0.        , 0.        ,
       0.        , 0.        , 0.        , 0.        , 0.        ,
       0.53998993, 0.60132735]), (array([0.        , 0.        , 0.        , 0.        , 0.        ,
       1.        , 0.        , 0.        , 0.        , 0.79110312,
       0.41849451, 0.79017478]), 'movie_companies'), (array([0.        , 1.        , 0.        , 0.        , 0.        ,
       0.        , 0.        , 0.        , 0.        , 0.        ,
       0.53742768, 0.53969456]), (array([0.        , 1.        , 0.        , 0.        , 0.        ,
       0.        , 0.        , 0.        , 0.        , 0.        ,
       0.53740031, 0.64690255]), (array([0.        , 0.        , 0.        , 0.        , 0.        ,
       1.        , 0.        , 0.        , 0.        , 1.        ,
       0.52605731, 0.94761639]), 'cast_info'), (array([0.        , 0.        , 0.        , 0.        , 0.        ,
       1.        , 0.        , 0.        , 0.        , 0.87832121,
       0.46337742, 0.51748669]), 'name')), (array([0.        , 0.        , 0.        , 0.        , 0.        ,
       1.        , 0.        , 0.        , 0.        , 0.05571849,
       0.02577831, 0.02426098]), 'role_type'))), (array([0.        , 0.        , 0.        , 0.        , 0.        ,
       1.        , 0.        , 0.        , 0.        , 0.05571849,
       0.02381608, 0.02426098]), 'company_type')), (array([0.        , 0.        , 0.        , 0.        , 0.        ,
       1.        , 0.        , 0.        , 0.        , 0.65653089,
       0.34982358, 0.05482619]), 'company_name'))), (array([0.        , 0.        , 0.        , 0.        , 0.        ,
       1.        , 0.        , 0.        , 0.        , 0.05571849,
       0.04481134, 0.        ]), 'info_type'))))), (array([0.        , 0.        , 0.        , 0.        , 0.        ,
       1.        , 0.        , 0.        , 0.        , 0.05571849,
       0.02473524, 0.04147441]), 'kind_type')), (array([1.        , 0.        , 0.        , 0.        , 0.        ,
       0.        , 0.        , 0.        , 0.        , 0.        ,
       0.36175746, 0.        ]), (array([1.        , 0.        , 0.        , 0.        , 0.        ,
       0.        , 0.        , 0.        , 0.        , 0.        ,
       0.36175116, 0.        ]), (array([1.        , 0.        , 0.        , 0.        , 0.        ,
       0.        , 0.        , 0.        , 0.        , 0.        ,
       0.36174597, 0.07495898]), (array([1.       , 0.       , 0.       , 0.       , 0.       , 0.       ,
       0.       , 0.       , 0.       , 0.       , 0.3615526, 0.       ]), (array([1.       , 0.       , 0.       , 0.       , 0.       , 0.       ,
       0.       , 0.       , 0.       , 0.       , 0.3615392, 0.       ]), (array([1.        , 0.        , 0.        , 0.        , 0.        ,
       0.        , 0.        , 0.        , 0.        , 0.        ,
       0.35942425, 0.1280507 ]), (array([1.        , 0.        , 0.        , 0.        , 0.        ,
       0.        , 0.        , 0.        , 0.        , 0.        ,
       0.35933432, 0.1280507 ]), (array([0.        , 1.        , 0.        , 0.        , 0.        ,
       0.        , 0.        , 0.        , 0.        , 0.        ,
       0.35920347, 0.0963006 ]), (array([0.        , 1.        , 0.        , 0.        , 0.        ,
       0.        , 0.        , 0.        , 0.        , 0.        ,
       0.35919655, 0.13777501]), (array([1.        , 0.        , 0.        , 0.        , 0.        ,
       0.        , 0.        , 0.        , 0.        , 0.        ,
       0.35918886, 0.1849523 ]), (array([1.        , 0.        , 0.        , 0.        , 0.        ,
       0.        , 0.        , 0.        , 0.        , 0.        ,
       0.35888131, 0.18889889]), (array([0.        , 0.        , 0.        , 0.        , 0.        ,
       1.        , 0.        , 0.        , 0.        , 0.65653089,
       0.34982358, 0.05482619]), 'company_name'), (array([0.        , 0.        , 0.        , 0.        , 0.        ,
       0.        , 1.        , 0.        , 0.        , 0.79110312,
       0.23487369, 0.25158748]), 'movie_companies')), (array([0.        , 0.        , 0.        , 0.        , 0.        ,
       0.        , 1.        , 0.        , 0.        , 0.85841791,
       0.02552484, 0.        ]), 'title')), (array([0.        , 0.        , 0.        , 0.        , 0.        ,
       1.        , 0.        , 0.        , 0.        , 0.05571849,
       0.02473524, 0.04147441]), 'kind_type')), (array([0.        , 0.        , 0.        , 0.        , 0.        ,
       1.        , 0.        , 0.        , 0.        , 0.05571849,
       0.02381608, 0.02426098]), 'company_type')), (array([0.        , 0.        , 0.        , 0.        , 0.        ,
       0.        , 1.        , 0.        , 0.        , 0.81228166,
       0.03972606, 0.19015862]), 'movie_keyword')), (array([0.        , 0.        , 0.        , 0.        , 0.        ,
       0.        , 0.        , 1.        , 0.        , 0.57321582,
       0.02204351, 0.        ]), 'keyword')), (array([0.        , 0.        , 0.        , 0.        , 0.        ,
       0.        , 1.        , 0.        , 0.        , 0.96425675,
       0.12563391, 0.        ]), 'movie_info')), (array([0.        , 0.        , 0.        , 0.        , 0.        ,
       1.        , 0.        , 0.        , 0.        , 0.05571849,
       0.04481134, 0.        ]), 'info_type')), (array([0.        , 0.        , 0.        , 0.        , 0.        ,
       0.        , 1.        , 0.        , 0.        , 1.        ,
       0.14135483, 0.17924942]), 'cast_info')), (array([0.00000000e+00, 0.00000000e+00, 0.00000000e+00, 0.00000000e+00,
       0.00000000e+00, 0.00000000e+00, 1.00000000e+00, 0.00000000e+00,
       0.00000000e+00, 5.57184920e-02, 1.78558895e-04, 0.00000000e+00]), 'role_type')), (array([0.        , 0.        , 0.        , 0.        , 0.        ,
       0.        , 1.        , 0.        , 0.        , 0.87832121,
       0.02565818, 0.        ]), 'name'))]