[(array([1.        , 0.        , 0.        , 0.        , 0.        ,
       0.        , 0.        , 0.        , 0.        , 0.        ,
       0.37438099, 0.02426098]), (array([1.        , 0.        , 0.        , 0.        , 0.        ,
       0.        , 0.        , 0.        , 0.        , 0.        ,
       0.37437318, 0.02426098]), (array([1.       , 0.       , 0.       , 0.       , 0.       , 0.       ,
       0.       , 0.       , 0.       , 0.       , 0.3743631, 0.       ]), (array([1.        , 0.        , 0.        , 0.        , 0.        ,
       0.        , 0.        , 0.        , 0.        , 0.        ,
       0.37435874, 0.        ]), (array([1.        , 0.        , 0.        , 0.        , 0.        ,
       0.        , 0.        , 0.        , 0.        , 0.        ,
       0.37435431, 0.        ]), (array([1.       , 0.       , 0.       , 0.       , 0.       , 0.       ,
       0.       , 0.       , 0.       , 0.       , 0.3743454, 0.       ]), (array([0.        , 0.        , 0.        , 0.        , 0.        ,
       1.        , 0.        , 0.        , 0.        , 0.05571849,
       0.04481134, 0.        ]), 'info_type'), (array([1.        , 0.        , 0.        , 0.        , 0.        ,
       0.        , 0.        , 0.        , 0.        , 0.        ,
       0.37433558, 0.        ]), (array([1.        , 0.        , 0.        , 0.        , 0.        ,
       0.        , 0.        , 0.        , 0.        , 0.        ,
       0.37395777, 0.05482619]), (array([1.        , 0.        , 0.        , 0.        , 0.        ,
       0.        , 0.        , 0.        , 0.        , 0.        ,
       0.3739515 , 0.10200348]), (array([1.        , 0.        , 0.        , 0.        , 0.        ,
       0.        , 0.        , 0.        , 0.        , 0.        ,
       0.37393997, 0.2014819 ]), (array([1.        , 0.        , 0.        , 0.        , 0.        ,
       0.        , 0.        , 0.        , 0.        , 0.        ,
       0.37366917, 0.20547237]), (array([1.        , 0.        , 0.        , 0.        , 0.        ,
       0.        , 0.        , 0.        , 0.        , 0.        ,
       0.36587949, 0.08294882]), (array([0.00000000e+00, 0.00000000e+00, 0.00000000e+00, 1.00000000e+00,
       1.03241000e+06, 0.00000000e+00, 0.00000000e+00, 0.00000000e+00,
       0.00000000e+00, 0.00000000e+00, 9.30421292e-02, 3.71910428e-01]), 'vector_ops'), (array([0.        , 0.        , 0.        , 0.        , 0.        ,
       0.        , 1.        , 0.        , 0.        , 0.87832121,
       0.08593976, 0.        ]), 'name')), (array([0.        , 0.        , 0.        , 0.        , 0.        ,
       0.        , 1.        , 0.        , 0.        , 1.        ,
       0.22035673, 0.33132599]), 'cast_info')), (array([0.        , 0.        , 0.        , 0.        , 0.        ,
       0.        , 1.        , 0.        , 0.        , 0.85841791,
       0.02442094, 0.        ]), 'title')), (array([0.        , 0.        , 0.        , 0.        , 0.        ,
       1.        , 0.        , 0.        , 0.        , 0.05571849,
       0.02577831, 0.02426098]), 'role_type')), (array([0.        , 0.        , 0.        , 0.        , 0.        ,
       1.        , 0.        , 0.        , 0.        , 0.05571849,
       0.02473524, 0.04147441]), 'kind_type')), (array([0.        , 0.        , 0.        , 0.        , 0.        ,
       0.        , 1.        , 0.        , 0.        , 0.96425675,
       0.12545499, 0.        ]), 'movie_info'))), (array([0.        , 0.        , 0.        , 0.        , 0.        ,
       0.        , 1.        , 0.        , 0.        , 0.79110312,
       0.04128163, 0.06573539]), 'movie_companies')), (array([0.        , 0.        , 0.        , 0.        , 0.        ,
       0.        , 1.        , 0.        , 0.        , 0.65653089,
       0.02258902, 0.        ]), 'company_name')), (array([0.        , 0.        , 0.        , 0.        , 0.        ,
       1.        , 0.        , 0.        , 0.        , 0.05571849,
       0.02381608, 0.02426098]), 'company_type')), (array([0.        , 0.        , 0.        , 0.        , 0.        ,
       0.        , 1.        , 0.        , 0.        , 0.81228166,
       0.03972606, 0.19015862]), 'movie_keyword')), (array([0.        , 0.        , 0.        , 0.        , 0.        ,
       0.        , 0.        , 1.        , 0.        , 0.57321582,
       0.02204351, 0.        ]), 'keyword')), (array([0.        , 1.        , 0.        , 0.        , 0.        ,
       0.        , 0.        , 0.        , 0.        , 0.        ,
       0.94289128, 0.        ]), (array([0.        , 1.        , 0.        , 0.        , 0.        ,
       0.        , 0.        , 0.        , 0.        , 0.        ,
       0.94289128, 0.        ]), (array([0.00000000e+00, 0.00000000e+00, 0.00000000e+00, 1.00000000e+00,
       1.03241000e+06, 0.00000000e+00, 0.00000000e+00, 0.00000000e+00,
       0.00000000e+00, 0.00000000e+00, 9.30421292e-02, 3.71910428e-01]), 'vector_ops'), (array([0.        , 1.        , 0.        , 0.        , 0.        ,
       0.        , 0.        , 0.        , 0.        , 0.        ,
       0.94289128, 0.02426098]), (array([0.        , 0.        , 0.        , 0.        , 0.        ,
       1.        , 0.        , 0.        , 0.        , 0.57321582,
       0.31803734, 0.66498882]), 'keyword'), (array([0.        , 1.        , 0.        , 0.        , 0.        ,
       0.        , 0.        , 0.        , 0.        , 0.        ,
       0.94289126, 0.02426098]), (array([0.        , 0.        , 0.        , 0.        , 0.        ,
       1.        , 0.        , 0.        , 0.        , 0.81228166,
       0.45368836, 0.87548938]), 'movie_keyword'), (array([1.        , 0.        , 0.        , 0.        , 0.        ,
       0.        , 0.        , 0.        , 0.        , 0.        ,
       0.94289091, 0.        ]), (array([0.       , 0.       , 1.       , 0.       , 0.       , 0.       ,
       0.       , 0.       , 0.       , 0.       , 0.5787903, 0.       ]), (array([0.        , 1.        , 0.        , 0.        , 0.        ,
       0.        , 0.        , 0.        , 0.        , 0.        ,
       0.56344813, 0.02426098]), (array([0.        , 1.        , 0.        , 0.        , 0.        ,
       0.        , 0.        , 0.        , 0.        , 0.        ,
       0.56344809, 0.06573539]), (array([0.        , 0.        , 0.        , 0.        , 0.        ,
       1.        , 0.        , 0.        , 0.        , 0.85841791,
       0.46005425, 0.83664808]), 'title'), (array([0.        , 1.        , 0.        , 0.        , 0.        ,
       0.        , 0.        , 0.        , 0.        , 0.        ,
       0.55955542, 0.06573539]), (array([0.        , 1.        , 0.        , 0.        , 0.        ,
       0.        , 0.        , 0.        , 0.        , 0.        ,
       0.55915495, 0.65370967]), (array([0.        , 0.        , 0.        , 0.        , 0.        ,
       1.        , 0.        , 0.        , 0.        , 0.79110312,
       0.43555768, 0.84255836]), 'movie_companies'), (array([0.        , 1.        , 0.        , 0.        , 0.        ,
       0.        , 0.        , 0.        , 0.        , 0.        ,
       0.55649946, 0.59207726]), (array([0.        , 1.        , 0.        , 0.        , 0.        ,
       0.        , 0.        , 0.        , 0.        , 0.        ,
       0.55645817, 0.69928605]), (array([0.        , 0.        , 0.        , 0.        , 0.        ,
       1.        , 0.        , 0.        , 0.        , 1.        ,
       0.54340825, 1.        ]), 'cast_info'), (array([0.        , 0.        , 0.        , 0.        , 0.        ,
       1.        , 0.        , 0.        , 0.        , 0.87832121,
       0.48054549, 0.5698668 ]), 'name')), (array([0.        , 0.        , 0.        , 0.        , 0.        ,
       1.        , 0.        , 0.        , 0.        , 0.05571849,
       0.02577831, 0.02426098]), 'role_type'))), (array([0.        , 0.        , 0.        , 0.        , 0.        ,
       1.        , 0.        , 0.        , 0.        , 0.65653089,
       0.36707452, 0.10200348]), 'company_name'))), (array([0.        , 0.        , 0.        , 0.        , 0.        ,
       1.        , 0.        , 0.        , 0.        , 0.05571849,
       0.02473524, 0.04147441]), 'kind_type')), (array([0.        , 0.        , 0.        , 0.        , 0.        ,
       0.        , 0.        , 0.        , 1.        , 0.96425675,
       0.41249234, 0.80475632]), 'movie_info')), (array([0.        , 0.        , 0.        , 0.        , 0.        ,
       1.        , 0.        , 0.        , 0.        , 0.05571849,
       0.04481134, 0.        ]), 'info_type'))))), (array([0.        , 0.        , 0.        , 0.        , 0.        ,
       1.        , 0.        , 0.        , 0.        , 0.05571849,
       0.02381608, 0.02426098]), 'company_type')), (array([1.        , 0.        , 0.        , 0.        , 0.        ,
       0.        , 0.        , 0.        , 0.        , 0.        ,
       0.38229891, 0.        ]), (array([1.        , 0.        , 0.        , 0.        , 0.        ,
       0.        , 0.        , 0.        , 0.        , 0.        ,
       0.38229512, 0.        ]), (array([1.        , 0.        , 0.        , 0.        , 0.        ,
       0.        , 0.        , 0.        , 0.        , 0.        ,
       0.38227941, 0.        ]), (array([0.        , 0.        , 0.        , 0.        , 0.        ,
       1.        , 0.        , 0.        , 0.        , 0.05571849,
       0.04481134, 0.        ]), 'info_type'), (array([1.       , 0.       , 0.       , 0.       , 0.       , 0.       ,
       0.       , 0.       , 0.       , 0.       , 0.3822713, 0.       ]), (array([1.        , 0.        , 0.        , 0.        , 0.        ,
       0.        , 0.        , 0.        , 0.        , 0.        ,
       0.38218374, 0.        ]), (array([1.        , 0.        , 0.        , 0.        , 0.        ,
       0.        , 0.        , 0.        , 0.        , 0.        ,
       0.38216775, 0.        ]), (array([1.        , 0.        , 0.        , 0.        , 0.        ,
       0.        , 0.        , 0.        , 0.        , 0.        ,
       0.38107481, 0.21187304]), (array([1.        , 0.        , 0.        , 0.        , 0.        ,
       0.        , 0.        , 0.        , 0.        , 0.        ,
       0.38105819, 0.25334745]), (array([1.        , 0.        , 0.        , 0.        , 0.        ,
       0.        , 0.        , 0.        , 0.        , 0.        ,
       0.38022322, 0.1926012 ]), (array([1.        , 0.        , 0.        , 0.        , 0.        ,
       0.        , 0.        , 0.        , 0.        , 0.        ,
       0.37944266, 0.10200348]), (array([1.        , 0.        , 0.        , 0.        , 0.        ,
       0.        , 0.        , 0.        , 0.        , 0.        ,
       0.37943214, 0.20547237]), (array([1.        , 0.        , 0.        , 0.        , 0.        ,
       0.        , 0.        , 0.        , 0.        , 0.        ,
       0.36605221, 0.08294882]), (array([0.00000000e+00, 0.00000000e+00, 0.00000000e+00, 1.00000000e+00,
       1.03241000e+06, 0.00000000e+00, 0.00000000e+00, 0.00000000e+00,
       0.00000000e+00, 0.00000000e+00, 9.30421292e-02, 3.71910428e-01]), 'vector_ops'), (array([0.        , 0.        , 0.        , 0.        , 0.        ,
       0.        , 0.        , 0.        , 1.        , 0.87832121,
       0.06274319, 0.        ]), 'name')), (array([0.        , 0.        , 0.        , 0.        , 0.        ,
       0.        , 0.        , 0.        , 1.        , 1.        ,
       0.09536945, 0.33132599]), 'cast_info')), (array([0.        , 0.        , 0.        , 0.        , 0.        ,
       1.        , 0.        , 0.        , 0.        , 0.05571849,
       0.02577831, 0.02426098]), 'role_type')), (array([0.        , 0.        , 0.        , 0.        , 0.        ,
       0.        , 0.        , 0.        , 1.        , 0.81228166,
       0.02545415, 0.19015862]), 'movie_keyword')), (array([0.        , 0.        , 0.        , 0.        , 0.        ,
       0.        , 0.        , 0.        , 1.        , 0.79110312,
       0.01803107, 0.06573539]), 'movie_companies')), (array([0.        , 0.        , 0.        , 0.        , 0.        ,
       1.        , 0.        , 0.        , 0.        , 0.05571849,
       0.02381608, 0.02426098]), 'company_type')), (array([0.        , 0.        , 0.        , 0.        , 0.        ,
       0.        , 0.        , 0.        , 1.        , 0.65653089,
       0.01595127, 0.        ]), 'company_name')), (array([0.        , 0.        , 0.        , 0.        , 0.        ,
       0.        , 0.        , 0.        , 1.        , 0.85841791,
       0.0172872 , 0.        ]), 'title')), (array([0.        , 0.        , 0.        , 0.        , 0.        ,
       0.        , 0.        , 0.        , 1.        , 0.96425675,
       0.0279136 , 0.18216878]), 'movie_info'))), (array([0.        , 0.        , 0.        , 0.        , 0.        ,
       0.        , 0.        , 0.        , 1.        , 0.57321582,
       0.0157754 , 0.        ]), 'keyword')), (array([0.        , 0.        , 0.        , 0.        , 0.        ,
       1.        , 0.        , 0.        , 0.        , 0.05571849,
       0.02473524, 0.04147441]), 'kind_type')), (array([0.        , 1.        , 0.        , 0.        , 0.        ,
       0.        , 0.        , 0.        , 0.        , 0.        ,
       0.94289125, 0.02426098]), (array([0.        , 0.        , 0.        , 0.        , 0.        ,
       1.        , 0.        , 0.        , 0.        , 0.57321582,
       0.31803734, 0.66498882]), 'keyword'), (array([0.        , 1.        , 0.        , 0.        , 0.        ,
       0.        , 0.        , 0.        , 0.        , 0.        ,
       0.94289123, 0.02426098]), (array([0.        , 0.        , 0.        , 0.        , 0.        ,
       1.        , 0.        , 0.        , 0.        , 0.81228166,
       0.45368836, 0.87548938]), 'movie_keyword'), (array([0.        , 1.        , 0.        , 0.        , 0.        ,
       0.        , 0.        , 0.        , 0.        , 0.        ,
       0.94289088, 0.        ]), (array([0.        , 1.        , 0.        , 0.        , 0.        ,
       0.        , 0.        , 0.        , 0.        , 0.        ,
       0.94289088, 0.        ]), (array([0.        , 0.        , 0.        , 0.        , 0.        ,
       1.        , 0.        , 0.        , 0.        , 0.85841791,
       0.46005425, 0.83664808]), 'title'), (array([0.        , 1.        , 0.        , 0.        , 0.        ,
       0.        , 0.        , 0.        , 0.        , 0.        ,
       0.94289051, 0.        ]), (array([0.        , 1.        , 0.        , 0.        , 0.        ,
       0.        , 0.        , 0.        , 0.        , 0.        ,
       0.94289047, 0.20642975]), (array([0.        , 1.        , 0.        , 0.        , 0.        ,
       0.        , 0.        , 0.        , 0.        , 0.        ,
       0.94289047, 0.24694679]), (array([0.        , 0.        , 0.        , 0.        , 0.        ,
       1.        , 0.        , 0.        , 0.        , 0.79110312,
       0.43555768, 0.84255836]), 'movie_companies'), (array([1.        , 0.        , 0.        , 0.        , 0.        ,
       0.        , 0.        , 0.        , 0.        , 0.        ,
       0.94289025, 0.18629696]), (array([0.        , 1.        , 0.        , 0.        , 0.        ,
       0.        , 0.        , 0.        , 0.        , 0.        ,
       0.5739676 , 0.18629696]), (array([0.        , 1.        , 0.        , 0.        , 0.        ,
       0.        , 0.        , 0.        , 0.        , 0.        ,
       0.57395409, 0.44037225]), (array([0.        , 0.        , 0.        , 0.        , 0.        ,
       0.        , 0.        , 0.        , 1.        , 0.96425675,
       0.41249234, 0.80475632]), 'movie_info'), (array([0.        , 1.        , 0.        , 0.        , 0.        ,
       0.        , 0.        , 0.        , 0.        , 0.        ,
       0.55649946, 0.59207726]), (array([0.        , 1.        , 0.        , 0.        , 0.        ,
       0.        , 0.        , 0.        , 0.        , 0.        ,
       0.55645817, 0.69928605]), (array([0.        , 0.        , 0.        , 0.        , 0.        ,
       1.        , 0.        , 0.        , 0.        , 1.        ,
       0.54340825, 1.        ]), 'cast_info'), (array([0.        , 0.        , 0.        , 0.        , 0.        ,
       1.        , 0.        , 0.        , 0.        , 0.87832121,
       0.48054549, 0.5698668 ]), 'name')), (array([0.        , 0.        , 0.        , 0.        , 0.        ,
       1.        , 0.        , 0.        , 0.        , 0.05571849,
       0.02577831, 0.02426098]), 'role_type'))), (array([0.00000000e+00, 0.00000000e+00, 0.00000000e+00, 1.00000000e+00,
       1.03241000e+06, 0.00000000e+00, 0.00000000e+00, 0.00000000e+00,
       0.00000000e+00, 0.00000000e+00, 9.30421292e-02, 3.71910428e-01]), 'vector_ops')), (array([0.        , 0.        , 0.        , 0.        , 0.        ,
       1.        , 0.        , 0.        , 0.        , 0.05571849,
       0.04481134, 0.        ]), 'info_type'))), (array([0.        , 0.        , 0.        , 0.        , 0.        ,
       1.        , 0.        , 0.        , 0.        , 0.05571849,
       0.02381608, 0.02426098]), 'company_type')), (array([0.        , 0.        , 0.        , 0.        , 0.        ,
       1.        , 0.        , 0.        , 0.        , 0.65653089,
       0.36707452, 0.10200348]), 'company_name'))), (array([0.        , 0.        , 0.        , 0.        , 0.        ,
       1.        , 0.        , 0.        , 0.        , 0.05571849,
       0.02473524, 0.04147441]), 'kind_type')))), (array([1.        , 0.        , 0.        , 0.        , 0.        ,
       0.        , 0.        , 0.        , 0.        , 0.        ,
       0.37483987, 0.        ]), (array([1.        , 0.        , 0.        , 0.        , 0.        ,
       0.        , 0.        , 0.        , 0.        , 0.        ,
       0.37483516, 0.        ]), (array([0.        , 0.        , 0.        , 0.        , 0.        ,
       1.        , 0.        , 0.        , 0.        , 0.05571849,
       0.04481134, 0.        ]), 'info_type'), (array([1.        , 0.        , 0.        , 0.        , 0.        ,
       0.        , 0.        , 0.        , 0.        , 0.        ,
       0.37482545, 0.        ]), (array([1.        , 0.        , 0.        , 0.        , 0.        ,
       0.        , 0.        , 0.        , 0.        , 0.        ,
       0.37463921, 0.02426098]), (array([1.        , 0.        , 0.        , 0.        , 0.        ,
       0.        , 0.        , 0.        , 0.        , 0.        ,
       0.37463395, 0.06573539]), (array([1.        , 0.        , 0.        , 0.        , 0.        ,
       0.        , 0.        , 0.        , 0.        , 0.        ,
       0.37461219, 0.06573539]), (array([1.        , 0.        , 0.        , 0.        , 0.        ,
       0.        , 0.        , 0.        , 0.        , 0.        ,
       0.37459277, 0.06573539]), (array([1.        , 0.        , 0.        , 0.        , 0.        ,
       0.        , 0.        , 0.        , 0.        , 0.        ,
       0.37458292, 0.        ]), (array([1.        , 0.        , 0.        , 0.        , 0.        ,
       0.        , 0.        , 0.        , 0.        , 0.        ,
       0.37423779, 0.22574288]), (array([1.        , 0.        , 0.        , 0.        , 0.        ,
       0.        , 0.        , 0.        , 0.        , 0.        ,
       0.37421439, 0.26652555]), (array([1.        , 0.        , 0.        , 0.        , 0.        ,
       0.        , 0.        , 0.        , 0.        , 0.        ,
       0.37366917, 0.20547237]), (array([1.        , 0.        , 0.        , 0.        , 0.        ,
       0.        , 0.        , 0.        , 0.        , 0.        ,
       0.36587949, 0.08294882]), (array([0.00000000e+00, 0.00000000e+00, 0.00000000e+00, 1.00000000e+00,
       1.03241000e+06, 0.00000000e+00, 0.00000000e+00, 0.00000000e+00,
       0.00000000e+00, 0.00000000e+00, 9.30421292e-02, 3.71910428e-01]), 'vector_ops'), (array([0.        , 0.        , 0.        , 0.        , 0.        ,
       0.        , 1.        , 0.        , 0.        , 0.87832121,
       0.08593976, 0.        ]), 'name')), (array([0.        , 0.        , 0.        , 0.        , 0.        ,
       0.        , 1.        , 0.        , 0.        , 1.        ,
       0.22035673, 0.33132599]), 'cast_info')), (array([0.        , 0.        , 0.        , 0.        , 0.        ,
       0.        , 1.        , 0.        , 0.        , 0.79110312,
       0.04128163, 0.06573539]), 'movie_companies')), (array([0.        , 0.        , 0.        , 0.        , 0.        ,
       1.        , 0.        , 0.        , 0.        , 0.05571849,
       0.02381608, 0.02426098]), 'company_type')), (array([0.        , 0.        , 0.        , 0.        , 0.        ,
       0.        , 1.        , 0.        , 0.        , 0.65653089,
       0.02258902, 0.        ]), 'company_name')), (array([0.        , 0.        , 0.        , 0.        , 0.        ,
       0.        , 1.        , 0.        , 0.        , 0.81228166,
       0.03911006, 0.19015862]), 'movie_keyword')), (array([0.        , 0.        , 0.        , 0.        , 0.        ,
       0.        , 0.        , 1.        , 0.        , 0.57321582,
       0.02204351, 0.        ]), 'keyword')), (array([0.        , 0.        , 0.        , 0.        , 0.        ,
       0.        , 1.        , 0.        , 0.        , 0.85841791,
       0.02442094, 0.        ]), 'title')), (array([0.        , 0.        , 0.        , 0.        , 0.        ,
       1.        , 0.        , 0.        , 0.        , 0.05571849,
       0.02473524, 0.04147441]), 'kind_type')), (array([0.        , 0.        , 0.        , 0.        , 0.        ,
       0.        , 1.        , 0.        , 0.        , 0.96425675,
       0.12545499, 0.        ]), 'movie_info'))), (array([0.        , 0.        , 0.        , 0.        , 0.        ,
       1.        , 0.        , 0.        , 0.        , 0.05571849,
       0.02577831, 0.02426098]), 'role_type'))]